[array([0.954151, 0.767932]), array([0.773956, 0.438878]), array([0.652299, 0.043775, 0.02003 ]), array([0.372882, 0.447822, 0.347304, 0.45138 ]), array([0.573131, 0.528491, 0.76365 , 0.811693]), array([0.017255, 0.359724, 0.834147, 0.516449, 0.535116]), array([0.741802, 0.753669, 0.465181, 0.103725, 0.966852, 0.32075 ]), array([0.06261 , 0.096925, 0.10061 , 0.088544, 0.998209, 0.369043,
       0.143785, 0.738436])]
[array([0.125971, 0.826988]), array([0.858598, 0.697368]), array([0.839213, 0.587143, 0.224705]), array([0.411939, 0.431631, 0.267425, 0.398181]), array([0.510229, 0.77934 , 0.796113, 0.594755]), array([0.748874, 0.414997, 0.762426, 0.549204, 0.040964]), array([0.200332, 0.857759, 0.513146, 0.17924 , 0.750465, 0.792978]), array([0.192965, 0.321892, 0.035358, 0.287725, 0.988237, 0.576106,
       0.375675, 0.249171])]
[array([0.849072, 0.349783]), array([0.094177, 0.975622]), array([0.751792, 0.263692, 0.419978]), array([0.29982 , 0.414832, 0.441612, 0.439334]), array([0.178403, 0.784195, 0.893013, 0.962906]), array([0.394078, 0.306282, 0.547549, 0.841918, 0.052376]), array([0.553829, 0.821738, 0.610869, 0.43369 , 0.31033 , 0.714427]), array([0.165155, 0.372493, 0.234812, 0.025023, 0.808064, 0.613657,
       0.208317, 0.044031])]
[array([0.05, 0.05]), array([0.733108, 0.822566]), array([0.517004, 0.679411, 0.281623]), array([0.413247, 0.435819, 0.400411, 0.434334]), array([0.132616, 0.721909, 0.906542, 1.      ]), array([0.512531, 0.301063, 0.59854 , 0.823301, 0.00713 ]), array([0.      , 0.      , 0.105533, 0.      , 0.      , 1.      ]), array([0.088045, 0.373972, 0.15986 , 0.107212, 0.947554, 0.648406,
       0.221726, 0.6922  ])]
[array([0.95, 0.05]), array([0.777682, 1.      ]), array([0.401714, 0.412409, 0.437339]), array([0.425655, 0.420199, 0.409008, 0.43711 ]), array([0.086829, 0.659623, 0.920071, 1.      ]), array([0.218   , 0.101592, 0.346073, 0.986661, 0.229452]), array([0.      , 0.501417, 0.057458, 0.024111, 0.279376, 0.650911]), array([0.05    , 0.050774, 0.05    , 0.05    , 0.95    , 0.476418,
       0.05    , 0.657237])]
[array([0.5, 0.5]), array([0.507533, 0.796346]), array([0.426137, 0.480227, 0.378786]), array([0.426691, 0.385965, 0.429413, 0.435861]), array([0.117766, 0.748157, 0.959709, 1.      ]), array([0.512531, 0.301063, 0.59854 , 0.823301, 0.00713 ]), array([0.      , 0.501417, 0.057458, 0.024111, 0.279376, 0.650911]), array([0.05    , 0.348867, 0.05    , 0.065596, 0.95    , 0.700599,
       0.104683, 0.74065 ])]
[array([0.05, 0.95]), array([0.715421, 0.89494 ]), array([0.44207 , 0.276005, 0.34356 ]), array([0.438063, 0.404579, 0.417605, 0.439886]), array([0., 1., 1., 1.]), array([0.448236, 0.539821, 0.928139, 0.897835, 0.005739]), array([0.065389, 0.461735, 0.244564, 0.222557, 0.415055, 0.728597]), array([0.295685, 0.011031, 0.376665, 0.068309, 0.865947, 0.404938,
       0.099646, 0.116629])]
[array([0.95, 0.95]), array([0.703661, 0.926591]), array([0.453374, 0.485734, 0.343546]), array([0.413545, 0.414813, 0.398962, 0.43774 ]), array([0.      , 1.      , 1.      , 0.714932]), array([0.336787, 0.335554, 0.615456, 0.834364, 0.218586]), array([0.      , 0.413513, 0.013766, 0.225609, 0.297119, 0.732903]), array([0.05    , 0.05    , 0.05    , 0.05    , 0.95    , 0.54083 ,
       0.05    , 0.596705])]
[array([0.70367 , 0.169871]), array([0.693757, 0.926944]), array([0.434193, 0.337578, 0.437355]), array([0.434077, 0.423181, 0.430832, 0.444735]), array([1., 1., 1., 1.]), array([0.513913, 0.222209, 0.56811 , 0.859849, 0.      ]), array([0.136231, 0.360901, 0.063885, 0.22731 , 0.400082, 0.671801]), array([0.05    , 0.120303, 0.05    , 0.083578, 0.95    , 0.361342,
       0.065058, 0.697708])]
[array([0.764825, 0.025403]), array([0.602643, 0.922696]), array([0.387337, 0.450535, 0.437318]), array([0.437842, 0.40042 , 0.403094, 0.423419]), array([1. , 0.9, 1. , 1. ]), array([0.393799, 0.288502, 1.      , 1.      , 0.051311]), array([0.163415, 0.360888, 0.063885, 0.217758, 0.324734, 0.671801]), array([0.255536, 0.078601, 0.095711, 0.010738, 1.      , 0.369572,
       0.225566, 0.725419])]